
R-squared:0.4742647446860965
Observations:20640
AIC:51221.27779639753